"participant_number"	"task"	"mean_nLED"	"sd_nLED"	"mean_correct"	"sd_correct"
"1"	2	"R"	0.0924603095238095	0.162475834847192	0.619047619047619	0.49150743499232
"2"	2	"W"	0.0813492142857143	0.122982476296727	0.666666666666667	0.477118723613698
"3"	3	"R"	0.146428547619048	0.163383267146079	0.452380952380952	0.503760538950749
"4"	3	"W"	0.162698404761905	0.207606338672564	0.523809523809524	0.505486736604131
"5"	4	"R"	0.176984142857143	0.209268721457291	0.5	0.506060827347474
"6"	4	"W"	0.121428571428571	0.142817416853613	0.523809523809524	0.505486736604131
"7"	6	"R"	0.75	0.353553390593274	0	0
"8"	6	"W"	0.60721728125	0.2138992270464	0	0
"9"	7	"R"	0.411904761904762	0.254320016760985	0.119047619047619	0.327770067561568
"10"	7	"W"	0.433730119047619	0.184841875498928	0.0238095238095238	0.154303349962092
"11"	9	"R"	0.406235857142857	0.308542643702623	0.214285714285714	0.415299732236633
"12"	9	"W"	0.38917230952381	0.252282427775049	0.166666666666667	0.377195470232912
"13"	11	"R"	0.236507904761905	0.23487403735005	0.285714285714286	0.457229956859213
"14"	11	"W"	0.226190452380952	0.18105168045336	0.261904761904762	0.445000619869331
"15"	15	"R"	0.0682539761904762	0.116335723523897	0.714285714285714	0.457229956859213
"16"	15	"W"	0.176829219512195	0.207728345640829	0.463414634146341	0.504854482777451
"17"	16	"R"	0.146797071428571	0.167081419944887	0.476190476190476	0.505486736604131
"18"	16	"W"	0.180487780487805	0.141808815388803	0.317073170731707	0.471116991321896
"19"	17	"R"	0.062528380952381	0.140056872861367	0.761904761904762	0.431080537409043
"20"	17	"W"	0.0119047619047619	0.0538850671761303	0.952380952380952	0.215540268704521
"21"	18	"R"	0.861111095238095	0.157799310527383	0	0
"22"	18	"W"	0.892857166666667	0.150209512347598	0	0
"23"	19	"R"	0.845606595238095	0.172487211517481	0	0
"24"	19	"W"	0.905555523809524	0.137074881783331	0	0
"25"	22	"R"	0.858730166666667	0.20729375307648	0.0238095238095238	0.154303349962092
"26"	22	"W"	0.893650785714286	0.14402988498488	0	0
"27"	23	"R"	0.343594119047619	0.226271791835502	0.0952380952380952	0.297101757186175
"28"	23	"W"	0.304065048780488	0.219999391505744	0.195121951219512	0.401217658828843
"29"	24	"R"	0.7912415	0.191708637798989	0	0
"30"	24	"W"	0.838492023809524	0.179221779241155	0	0
"31"	26	"R"	0.596145119047619	0.301539540198596	0.142857142857143	0.354168801660573
"32"	26	"W"	0.705952380952381	0.18891435766905	0.0238095238095238	0.154303349962092
"33"	27	"R"	0.0460317619047619	0.0924529920350586	0.785714285714286	0.415299732236633
"34"	27	"W"	0.130555523809524	0.148155575107474	0.523809523809524	0.505486736604131
"35"	28	"R"	0.40952380952381	0.387300830135466	0.285714285714286	0.457229956859213
"36"	28	"W"	0.723015857142857	0.213879886643104	0.0238095238095238	0.154303349962092
"37"	29	"R"	0.0670635	0.195147370299955	0.80952380952381	0.397436617931637
"38"	29	"W"	0.102777761904762	0.230114738475397	0.738095238095238	0.44500061986933
"39"	31	"R"	0.263095238095238	0.287488322239255	0.428571428571429	0.50087032267781
"40"	31	"W"	0.263095166666667	0.162989299020117	0.19047619047619	0.397436617931638
"41"	43	"R"	0.0773809761904762	0.117206737761558	0.666666666666667	0.477118723613698
"42"	43	"W"	0.146031714285714	0.169400674176429	0.523809523809524	0.505486736604131
"43"	45	"R"	0.794501142857143	0.220847071995099	0.0238095238095238	0.154303349962092
"44"	45	"W"	0.8764286	0.141134045300785	0	0
"45"	48	"R"	0.830527238095238	0.159747405594233	0	0
"46"	48	"W"	0.875793619047619	0.141813763171891	0	0
"47"	54	"R"	0.21666669047619	0.22858111355549	0.357142857142857	0.484965604585173
"48"	54	"W"	0.30039680952381	0.203508787961774	0.19047619047619	0.397436617931638
"49"	55	"R"	0	0	1	0
"50"	55	"W"	0.0304878048780488	0.084893907567098	0.878048780487805	0.33129457822454
"51"	56	"R"	0.0436507857142857	0.104761429406274	0.714285714285714	0.457229956859213
"52"	56	"W"	0.117857119047619	0.14348505306472	0.547619047619048	0.503760538950749
"53"	57	"R"	0.620408166666667	0.28040173583871	0.0714285714285714	0.260661180215007
"54"	57	"W"	0.587398390243902	0.210712484404802	0.024390243902439	0.156173761888606
"55"	59	"R"	0.143650785714286	0.136246207939808	0.428571428571429	0.50087032267781
"56"	59	"W"	0.144047595238095	0.145428082559993	0.452380952380952	0.503760538950749
"57"	60	"R"	0.748412738095238	0.206559401527899	0.0238095238095238	0.154303349962092
"58"	60	"W"	0.855555523809524	0.150097825974447	0	0
"59"	61	"R"	0.291950095238095	0.233445272527637	0.214285714285714	0.415299732236633
"60"	61	"W"	0.528174642857143	0.214655762934214	0.0238095238095238	0.154303349962092
"61"	63	"R"	0.28792519047619	0.263289736612306	0.238095238095238	0.431080537409043
"62"	63	"W"	0.436111095238095	0.221289590438699	0.0714285714285714	0.260661180215007
"63"	64	"R"	0.0194444523809524	0.0613662031192917	0.904761904761905	0.297101757186175
"64"	64	"W"	0.0146825476190476	0.0543753096534844	0.928571428571429	0.260661180215007
"65"	65	"R"	0.013888880952381	0.0635358639449357	0.952380952380952	0.215540268704521
"66"	65	"W"	0.00992064285714286	0.0458375403693658	0.952380952380952	0.215540268704521
"67"	67	"R"	0.166780047619048	0.168562253255245	0.380952380952381	0.49150743499232
"68"	67	"W"	0.223412642857143	0.174803738203571	0.285714285714286	0.457229956859213
"69"	68	"R"	0.160317452380952	0.159986100909438	0.404761904761905	0.496795772414547
"70"	68	"W"	0.223072547619048	0.155498967491075	0.214285714285714	0.415299732236633
"71"	69	"R"	0.214795928571429	0.2303313622597	0.428571428571429	0.50087032267781
"72"	69	"W"	0.510317476190476	0.348203935124528	0.238095238095238	0.431080537409042
"73"	70	"R"	0.649206333333333	0.285084320219147	0.0714285714285714	0.260661180215007
"74"	70	"W"	0.679761952380952	0.177055700665755	0	0
"75"	71	"R"	0.459722214285714	0.271724895708207	0.0952380952380952	0.297101757186175
"76"	71	"W"	0.643253976190476	0.227929907446907	0	0
"77"	72	"R"	0.774999976190476	0.293106189540415	0.0952380952380952	0.297101757186175
"78"	72	"W"	0.886111071428571	0.120630512895308	0	0
"79"	73	"R"	0.26190469047619	0.183583884331305	0.214285714285714	0.415299732236633
"80"	73	"W"	0.287698357142857	0.1586297499445	0.142857142857143	0.354168801660573
"81"	75	"R"	0.227777785714286	0.254835804337936	0.380952380952381	0.49150743499232
"82"	75	"W"	0.182539666666667	0.172458369315635	0.357142857142857	0.484965604585173
"83"	77	"R"	0.38452380952381	0.309698547746364	0.261904761904762	0.445000619869331
"84"	77	"W"	0.612301571428571	0.217215059384747	0	0
"85"	79	"R"	0.0722222142857143	0.112718691585331	0.619047619047619	0.49150743499232
"86"	79	"W"	0.0780488048780488	0.162337086858367	0.75609756097561	0.434769352926241
"87"	89	"R"	0.665504642857143	0.192817244515316	0.0238095238095238	0.154303349962092
"88"	89	"W"	0.491269880952381	0.232555041933607	0.0952380952380952	0.297101757186175
"89"	90	"R"	0.130555571428571	0.148703382088778	0.476190476190476	0.505486736604131
"90"	90	"W"	0.331349238095238	0.214962125310802	0.166666666666667	0.377195470232912
"91"	91	"R"	0.284523833333333	0.2135134603139	0.19047619047619	0.397436617931638
"92"	91	"W"	0.249999952380952	0.183129946310817	0.238095238095238	0.431080537409042
"93"	92	"R"	0.47539680952381	0.405922233400669	0.333333333333333	0.477118723613698
"94"	92	"W"	0.8988095	0.150581208805188	0	0
"95"	93	"R"	0.152777761904762	0.15560513195669	0.428571428571429	0.50087032267781
"96"	93	"W"	0.188888857142857	0.149600433193186	0.30952380952381	0.467901138093333
"97"	94	"R"	0.0583333333333333	0.110814293248124	0.761904761904762	0.431080537409042
"98"	94	"W"	0.0518140476190476	0.106099281003277	0.785714285714286	0.415299732236633
"99"	95	"R"	0.0496031666666667	0.0981873489029075	0.738095238095238	0.445000619869331
"100"	95	"W"	0.11746030952381	0.139974422842957	0.547619047619048	0.503760538950749
"101"	96	"R"	0.945767214285714	0.129720714814471	0	0
"102"	96	"W"	0.830328761904762	0.147326570920061	0	0
"103"	97	"R"	0.0301587380952381	0.0778468772749834	0.857142857142857	0.354168801660573
"104"	97	"W"	0.0396825476190476	0.126713359672232	0.880952380952381	0.327770067561568
"105"	100	"R"	0.883333285714286	0.151236993438466	0	0
"106"	100	"W"	0.898412666666667	0.142081403257577	0	0
"107"	101	"R"	0.0226190476190476	0.0732354509883096	0.857142857142857	0.354168801660573
"108"	101	"W"	0.0766439761904762	0.120345070183565	0.69047619047619	0.467901138093333
"109"	102	"R"	0.688888904761905	0.241497555045222	0.0238095238095238	0.154303349962092
"110"	102	"W"	0.716666714285714	0.249823770949013	0.0476190476190476	0.215540268704521
"111"	103	"R"	0.0079365	0.051434398552914	0.976190476190476	0.154303349962092
"112"	103	"W"	0.0305555714285714	0.0792851525257495	0.857142857142857	0.354168801660573
"113"	104	"R"	0.0841269761904762	0.125693301284824	0.642857142857143	0.484965604585173
"114"	104	"W"	0.115872976190476	0.152261670188398	0.595238095238095	0.496795772414547
"115"	105	"R"	0	0	0.976190476190476	0.154303349962092
"116"	105	"W"	0.00992064285714286	0.0458375403693658	0.952380952380952	0.215540268704521
"117"	107	"R"	0.0261904761904762	0.0726150015056816	0.833333333333333	0.377195470232912
"118"	107	"W"	0.0265873095238095	0.0741765720895124	0.880952380952381	0.327770067561568
"119"	108	"R"	0.702380952380952	0.255735583628963	0.0238095238095238	0.154303349962092
"120"	108	"W"	0.830158738095238	0.201593828781618	0.0238095238095238	0.154303349962092
"121"	110	"R"	0.0575396904761905	0.109890454933258	NA	NA
"122"	110	"W"	0.078174619047619	0.117936648030958	0.666666666666667	0.477118723613698
"123"	112	"R"	0	0	0.952380952380952	0.215540268704521
"124"	112	"W"	0.048015880952381	0.105614880704402	0.80952380952381	0.397436617931638
"125"	113	"R"	0.00793652380952381	0.0359234499641764	0.904761904761905	0.297101757186175
"126"	113	"W"	0	0	1	0
"127"	115	"R"	0.0129251666666667	0.0477267642988183	0.928571428571429	0.260661180215007
"128"	115	"W"	0.0815759523809524	0.116587855976168	0.642857142857143	0.484965604585173
"129"	117	"R"	0.165873023809524	0.147147750439612	0.30952380952381	0.467901138093333
"130"	117	"W"	0.173809476190476	0.134403293760314	0.333333333333333	0.477118723613698
"131"	118	"R"	0.868764142857143	0.1687297316365	0	0
"132"	118	"W"	0.888888880952381	0.148965080816425	0	0
"133"	121	"R"	0.1079365	0.135212240307735	0.476190476190476	0.505486736604131
"134"	121	"W"	0.0936508095238095	0.156301804688681	0.666666666666667	0.477118723613698
"135"	122	"R"	0.756935071428571	0.185714797561836	0.0238095238095238	0.154303349962092
"136"	122	"W"	0.837301571428571	0.14317390137294	0	0
"137"	123	"R"	0.140532880952381	0.176226147717434	0.333333333333333	0.477118723613698
"138"	123	"W"	0.208446714285714	0.158175244647301	0.285714285714286	0.457229956859213
"139"	125	"R"	0.441666619047619	0.374586485286594	0.285714285714286	0.457229956859212
"140"	125	"W"	0.855158714285714	0.119307370320302	0	0
"141"	127	"R"	0.840079404761905	0.165404082822328	0	0
"142"	127	"W"	0.902777761904762	0.119954634228195	0	0
"143"	128	"R"	0.432199571428571	0.261772403269649	0.142857142857143	0.354168801660573
"144"	128	"W"	0.387698404761905	0.220281293100664	0.119047619047619	0.327770067561568
"145"	129	"R"	0.808673476190476	0.222788349587154	0.0238095238095238	0.154303349962092
"146"	129	"W"	0.813747166666667	0.154305605498439	0	0
"147"	132	"R"	0.105555547619048	0.131577143247343	0.571428571428571	0.50087032267781
"148"	132	"W"	0.125396833333333	0.147252964540271	0.523809523809524	0.505486736604131
"149"	133	"R"	0.0630952619047619	0.0967308510733197	0.69047619047619	0.467901138093333
"150"	133	"W"	0.0541950238095238	0.0975783900435297	0.738095238095238	0.445000619869331
"151"	134	"R"	0	0	1	0
"152"	134	"W"	0	0	1	0
"153"	135	"R"	0.765929666666667	0.159946156325193	0	0
"154"	135	"W"	0.852777785714286	0.150289514792492	0	0
"155"	136	"R"	0.0154761904761905	0.0568353368674883	0.928571428571429	0.260661180215007
"156"	136	"W"	0.034127	0.105534688362665	0.880952380952381	0.327770067561568
"157"	139	"R"	0.140079357142857	0.147841685078894	0.380952380952381	0.49150743499232
"158"	139	"W"	0.19246030952381	0.142243046129398	0.285714285714286	0.457229956859213
"159"	141	"R"	0	0	0.976190476190476	0.154303349962092
"160"	141	"W"	0.0408730238095238	0.0882072525505223	0.80952380952381	0.397436617931637
"161"	142	"R"	0.0638888809523809	0.13802302070929	0.761904761904762	0.431080537409042
"162"	142	"W"	0.0658536585365854	0.114984939805744	0.731707317073171	0.448574979457305
"163"	143	"R"	0.6412415	0.295036848816753	0.0714285714285714	0.260661180215007
"164"	143	"W"	0.812301595238095	0.170765007119406	0	0
"165"	147	"R"	0.237585023809524	0.214580724966607	0.285714285714286	0.457229956859213
"166"	147	"W"	0.29126980952381	0.186074769092668	0.142857142857143	0.354168801660573
"167"	148	"R"	0.455357142857143	0.284596794540385	0.0952380952380952	0.297101757186175
"168"	148	"W"	0.445238071428571	0.243542256817229	0.0952380952380952	0.297101757186175
"169"	151	"R"	0.15952380952381	0.166875562467489	0.452380952380952	0.503760538950749
"170"	151	"W"	0.235317428571429	0.152495133445763	0.19047619047619	0.397436617931638
"171"	152	"R"	0.137301571428571	0.162250803436869	0.5	0.506060827347474
"172"	152	"W"	0.15799319047619	0.138483949493538	0.380952380952381	0.49150743499232
"173"	153	"R"	0.311791357142857	0.249884620916487	0.166666666666667	0.377195470232912
"174"	153	"W"	0.370634857142857	0.143173984116302	0.0238095238095238	0.154303349962092
"175"	155	"R"	0.202295904761905	0.168629636536059	0.285714285714286	0.457229956859212
"176"	155	"W"	0.276587238095238	0.159184038087046	0.142857142857143	0.354168801660573
"177"	157	"R"	0.0265872857142857	0.0848287600488689	0.833333333333333	0.377195470232912
"178"	157	"W"	0.0629251904761905	0.117124016622831	0.738095238095238	0.445000619869331
"179"	158	"R"	0.0571428333333333	0.116471489635021	0.785714285714286	0.415299732236633
"180"	158	"W"	0.0908730238095238	0.135610716969565	0.642857142857143	0.484965604585173
"181"	159	"R"	0.326870714285714	0.211689823841656	0.166666666666667	0.377195470232912
"182"	159	"W"	0.293027166666667	0.204552756306368	0.214285714285714	0.415299732236633
"183"	160	"R"	0	0	1	0
"184"	160	"W"	0.00873016666666667	0.0396868304223396	0.952380952380952	0.215540268704521
"185"	162	"R"	0.00952380952380952	0.0431080537409042	0.880952380952381	0.327770067561568
"186"	162	"W"	0.112698404761905	0.140498949211948	0.571428571428571	0.50087032267781
"187"	163	"R"	0.558673428571429	0.241632212216705	0.0238095238095238	0.154303349962092
"188"	163	"W"	0.640476214285714	0.235188414101933	0	0
"189"	164	"R"	0.028174619047619	0.0706616453595903	0.738095238095238	0.445000619869331
"190"	164	"W"	0.0547619285714286	0.109586938000215	0.761904761904762	0.431080537409042
"191"	165	"R"	0.703571476190476	0.2366642347457	0	0
"192"	165	"W"	0.767857119047619	0.174351000264074	0	0
"193"	166	"R"	0.0158730238095238	0.0807277671160054	0.952380952380952	0.215540268704521
"194"	166	"W"	0.0777777857142857	0.116908354382049	0.666666666666667	0.477118723613698
"195"	167	"R"	0.00873016666666667	0.0396868304223396	0.952380952380952	0.215540268704521
"196"	167	"W"	0.0158730238095238	0.0588913567149809	0.928571428571429	0.260661180215007
"197"	168	"R"	0.179705214285714	0.216934360039355	0.476190476190476	0.505486736604131
"198"	168	"W"	0.224603166666667	0.173761087449703	0.261904761904762	0.445000619869331
"199"	169	"R"	0.135317452380952	0.132630338988686	0.428571428571429	0.50087032267781
"200"	169	"W"	0.176190476190476	0.187232825262082	0.428571428571429	0.50087032267781
"201"	170	"R"	0.0757936428571429	0.143994583227019	0.714285714285714	0.457229956859213
"202"	170	"W"	0.157936523809524	0.184134903864085	0.452380952380952	0.503760538950749
"203"	174	"R"	0.363095214285714	0.22892278734719	0.142857142857143	0.354168801660573
"204"	174	"W"	0.346825357142857	0.211660046506567	0.119047619047619	0.327770067561568
"205"	176	"R"	0.845011333333333	0.182452043619308	0.0238095238095238	0.154303349962092
"206"	176	"W"	0.902380928571429	0.136773281691288	0	0
"207"	177	"R"	0.0146825476190476	0.0543753096534844	0.928571428571429	0.260661180215007
"208"	177	"W"	0.0146825476190476	0.0543753096534844	0.928571428571429	0.260661180215007
"209"	178	"R"	0.427721119047619	0.223192047128531	0.0714285714285714	0.260661180215007
"210"	178	"W"	0.395238095238095	0.199467017272287	0.0952380952380952	0.297101757186175
"211"	179	"R"	0.00952380952380952	0.0431080537409042	0.928571428571429	0.260661180215007
"212"	179	"W"	0.123015857142857	0.13246421392239	0.5	0.506060827347474
"213"	180	"R"	0.111111119047619	0.14490750873763	0.571428571428571	0.50087032267781
"214"	180	"W"	0.162698428571429	0.139190883601313	0.357142857142857	0.484965604585173
"215"	181	"R"	0.247732404761905	0.243016911145471	0.261904761904762	0.445000619869331
"216"	181	"W"	0.508276666666667	0.196289297547376	0.0238095238095238	0.154303349962092
"217"	185	"R"	0.0222222142857143	0.0716308563711558	0.904761904761905	0.297101757186175
"218"	185	"W"	0.0809524047619048	0.128971937513187	0.666666666666667	0.477118723613698
"219"	187	"R"	0.251984119047619	0.204495627908801	0.261904761904762	0.44500061986933
"220"	187	"W"	0.394841238095238	0.227645227194594	0.119047619047619	0.327770067561568
"221"	188	"R"	0.218253952380952	0.220396595213836	0.380952380952381	0.49150743499232
"222"	188	"W"	0.294047642857143	0.191160390736363	0.142857142857143	0.354168801660573
"223"	191	"R"	0.294161047619048	0.292557561688165	0.357142857142857	0.484965604585173
"224"	191	"W"	0.533333357142857	0.214450861074857	0	0
"225"	192	"R"	0.525396833333333	0.340258133015962	0.166666666666667	0.377195470232912
"226"	192	"W"	0.742857142857143	0.211944899303359	0	0
"227"	194	"R"	0.0154761904761905	0.0568353368674883	0.928571428571429	0.260661180215007
"228"	194	"W"	0.0285714523809524	0.0722542758019788	0.857142857142857	0.354168801660573
"229"	200	"R"	0.815476166666667	0.251590953798647	0.0476190476190476	0.215540268704521
"230"	200	"W"	0.835317476190476	0.170254137165912	0	0
"231"	201	"R"	0.532142857142857	0.454104933630101	0.238095238095238	0.431080537409042
"232"	201	"W"	0.892857119047619	0.120474607487141	0	0
"233"	206	"R"	0.833843547619048	0.214764934319771	0	0
"234"	206	"W"	0.922619047619048	0.116103217124804	0	0
"235"	207	"R"	0.219444428571429	0.174798203176726	0.261904761904762	0.445000619869331
"236"	207	"W"	0.238492023809524	0.193368630300186	0.285714285714286	0.457229956859213
"237"	208	"R"	0.40039680952381	0.280569713092907	0.142857142857143	0.354168801660573
"238"	208	"W"	0.660317476190476	0.224089624570196	0.0238095238095238	0.154303349962092
"239"	209	"R"	0.554648571428571	0.335996483653576	0.119047619047619	0.327770067561568
"240"	209	"W"	0.861507928571429	0.148774930913812	0	0
"241"	210	"R"	0.689588	0.312298162494301	0.0952380952380952	0.297101757186175
"242"	210	"W"	0.887301595238095	0.148698466241054	0	0
"243"	213	"R"	0.0507936666666667	0.108447573227167	0.761904761904762	0.431080537409042
"244"	213	"W"	0.120634904761905	0.176260793681853	0.595238095238095	0.496795772414547
"245"	214	"R"	0.26592969047619	0.285373109564926	0.214285714285714	0.415299732236633
"246"	214	"W"	0.380158714285714	0.382585630063247	0.357142857142857	0.484965604585173
"247"	215	"R"	0.441506095238095	0.271868108965503	0.0952380952380952	0.297101757186175
"248"	215	"W"	0.319841238095238	0.244152170286884	0.214285714285714	0.415299732236633
"249"	217	"R"	0.0654761904761905	0.15281428839069	0.761904761904762	0.431080537409042
"250"	217	"W"	0.113095261904762	0.169109564520304	0.619047619047619	0.49150743499232
"251"	218	"R"	0.412698404761905	0.247721602061774	0.119047619047619	0.327770067561568
"252"	218	"W"	0.402777761904762	0.215896612606964	0.0952380952380952	0.297101757186175
"253"	219	"R"	0.185544214285714	0.225054863391404	0.357142857142857	0.484965604585173
"254"	219	"W"	0.239814833333333	0.207978200740755	0.30952380952381	0.467901138093333
"255"	220	"R"	0.476587285714286	0.39769079836723	0.285714285714286	0.457229956859213
"256"	220	"W"	0.712698380952381	0.368359152697734	0.19047619047619	0.397436617931637
"257"	222	"R"	0.768253976190476	0.253132376486748	0.0476190476190476	0.215540268704521
"258"	222	"W"	0.819444428571429	0.165316319661864	0	0
"259"	223	"R"	0.261111095238095	0.235663926725224	0.285714285714286	0.457229956859213
"260"	223	"W"	0.361507904761905	0.224589020335499	0.142857142857143	0.354168801660573
"261"	224	"R"	0.114285714285714	0.154848069107768	0.523809523809524	0.505486736604131
"262"	224	"W"	0.2079365	0.215686894942448	0.404761904761905	0.496795772414547
"263"	225	"R"	0.528514738095238	0.239287697933462	0.0476190476190476	0.215540268704521
"264"	225	"W"	0.481349166666667	0.223036535860341	0.0476190476190476	0.215540268704521
"265"	227	"R"	0.358049928571429	0.268056813074083	0.214285714285714	0.415299732236633
"266"	227	"W"	0.265986404761905	0.214613447150584	0.238095238095238	0.431080537409042
"267"	228	"R"	0.28792519047619	0.267755060957315	0.214285714285714	0.415299732236633
"268"	228	"W"	0.308730119047619	0.22245968386064	0.214285714285714	0.415299732236633
"269"	229	"R"	0.198639428571429	0.229962190633341	0.142857142857143	0.354168801660573
"270"	229	"W"	0.342857119047619	0.2200684511467	0.166666666666667	0.377195470232912
"271"	232	"R"	0.251984142857143	0.252499745799106	0.238095238095238	0.431080537409043
"272"	232	"W"	0.227380928571429	0.202284414571794	0.357142857142857	0.484965604585173
"273"	234	"R"	0.836507928571429	0.233833305780556	0	0
"274"	234	"W"	0.890079357142857	0.134298286290725	0	0
"275"	235	"R"	0.811054452380952	0.203741604388356	0	0
"276"	235	"W"	0.828344690476191	0.15364312098758	0	0
"277"	236	"R"	0.825907047619048	0.19545620120942	0	0
"278"	236	"W"	0.848809523809524	0.188683667866545	0	0
"279"	237	"R"	0.484467095238095	0.361444939416902	0.142857142857143	0.354168801660573
"280"	237	"W"	0.896031714285714	0.125523814385235	0	0
"281"	240	"R"	0.0651927380952381	0.110621604356662	0.523809523809524	0.505486736604131
"282"	240	"W"	0.220634928571429	0.182900800154458	0.285714285714286	0.457229956859213
"283"	241	"R"	0.171995452380952	0.16304406736983	0.333333333333333	0.477118723613698
"284"	241	"W"	0.210714261904762	0.171626224107557	0.30952380952381	0.467901138093333
"285"	243	"R"	0.704761880952381	0.293868812135055	NA	NA
"286"	243	"W"	0.846825404761905	0.146190889383986	0	0
"287"	245	"R"	0.189285666666667	0.171230996272354	0.285714285714286	0.457229956859212
"288"	245	"W"	0.238888857142857	0.156505955164117	0.214285714285714	0.415299732236633
"289"	246	"R"	0.22341269047619	0.241187750633471	0.380952380952381	0.49150743499232
"290"	246	"W"	0.445238071428571	0.197452849064226	0.0238095238095238	0.154303349962092
"291"	247	"R"	0.0587301666666667	0.111726899467105	0.761904761904762	0.431080537409042
"292"	247	"W"	0.0992063333333333	0.145387596113432	0.642857142857143	0.484965604585173
"293"	248	"R"	0.103968261904762	0.179271689735136	0.547619047619048	0.503760538950749
"294"	248	"W"	0.148072547619048	0.158472187387336	0.476190476190476	0.505486736604131
"295"	249	"R"	0.119671214285714	0.161612476713103	0.380952380952381	0.49150743499232
"296"	249	"W"	0.171031738095238	0.197890587637377	0.452380952380952	0.503760538950749
"297"	251	"R"	0.168650785714286	0.207651795241109	0.523809523809524	0.505486736604131
"298"	251	"W"	0.32341269047619	0.220834212666038	0.214285714285714	0.415299732236633
"299"	252	"R"	0.152380952380952	0.198796195175956	0.476190476190476	0.505486736604131
"300"	252	"W"	0.228571404761905	0.168618037317289	0.261904761904762	0.445000619869331
"301"	253	"R"	0.239937642857143	0.272516273442373	0.333333333333333	0.477118723613698
"302"	253	"W"	0.15634919047619	0.19989670625933	0.5	0.506060827347474
"303"	255	"R"	0.697222238095238	0.247216095388453	0.0476190476190476	0.215540268704521
"304"	255	"W"	0.599999976190476	0.267807538181442	0.0476190476190476	0.215540268704521
"305"	256	"R"	0.182142880952381	0.202270091020097	0.428571428571429	0.50087032267781
"306"	256	"W"	0.217063476190476	0.154713084226229	0.238095238095238	0.431080537409043
"307"	257	"R"	0.722619047619048	0.236415214372258	0.0238095238095238	0.154303349962092
"308"	257	"W"	0.749603166666667	0.179448416951463	0	0
"309"	259	"R"	0.587244880952381	0.256828052678527	0.0476190476190476	0.215540268704521
"310"	259	"W"	0.806746	0.178713393211507	0	0
"311"	260	"R"	0.293650785714286	0.229968506543464	0.142857142857143	0.354168801660573
"312"	260	"W"	0.286961404761905	0.222041354159377	0.261904761904762	0.445000619869331
"313"	261	"R"	NA	NA	NA	NA
"314"	261	"W"	0.903174571428571	0.114895866042116	0	0
"315"	264	"R"	0.103968238095238	0.139676764548273	0.595238095238095	0.496795772414547
"316"	264	"W"	0.144841261904762	0.142113693037079	0.428571428571429	0.50087032267781
"317"	265	"R"	0.181349166666667	0.196659131351056	0.30952380952381	0.467901138093333
"318"	265	"W"	0.211111095238095	0.175446228350679	0.30952380952381	0.467901138093333
"319"	266	"R"	0.413888904761905	0.182490289058819	0.0476190476190476	0.215540268704521
"320"	266	"W"	0.318253952380952	0.185256355292974	0.119047619047619	0.327770067561568
"321"	267	"R"	0.0801587380952381	0.157092398502665	0.666666666666667	0.477118723613698
"322"	267	"W"	0.0912698571428571	0.149762145482073	0.666666666666667	0.477118723613698
"323"	268	"R"	0.491269809523809	0.259618227458972	0.0714285714285714	0.260661180215007
"324"	268	"W"	0.417857119047619	0.267716276863071	0.166666666666667	0.377195470232912
"325"	269	"R"	0.0361111190476191	0.093770522475233	0.80952380952381	0.397436617931638
"326"	269	"W"	0.0972221904761905	0.137826495014961	0.642857142857143	0.484965604585173
"327"	270	"R"	0.451984119047619	0.34871429207557	0.166666666666667	0.377195470232912
"328"	270	"W"	0.463888880952381	0.367587849193154	0.30952380952381	0.467901138093333
"329"	272	"R"	0.149206357142857	0.230410032818994	0.523809523809524	0.505486736604131
"330"	272	"W"	0.13928569047619	0.1652714171535	0.523809523809524	0.505486736604131
"331"	273	"R"	0.736054428571429	0.211270965896376	0	0
"332"	273	"W"	0.815873023809524	0.174915852858995	0	0
"333"	276	"R"	0.710317452380952	0.254177866828666	0.0238095238095238	0.154303349962092
"334"	276	"W"	0.832539714285714	0.164207523897805	0	0
"335"	277	"R"	0.551587285714286	0.24466699473907	0.0476190476190476	0.215540268704521
"336"	277	"W"	0.502380976190476	0.219465142518149	0.0238095238095238	0.154303349962092
"337"	278	"R"	0.611111047619048	0.332553276970037	0.119047619047619	0.327770067561568
"338"	278	"W"	0.811111071428571	0.18304361932709	0	0
"339"	279	"R"	0.829094097560976	0.167629436599871	0	0
"340"	279	"W"	0.836904761904762	0.157105211941119	0	0
"341"	280	"R"	0.0861111428571429	0.134995586263995	0.619047619047619	0.49150743499232
"342"	280	"W"	0.249489761904762	0.183661100270913	0.238095238095238	0.431080537409042
"343"	281	"R"	0.847278880952381	0.167572272330944	0	0
"344"	281	"W"	0.865873	0.155301623610472	0	0
"345"	284	"R"	0.398696119047619	0.246543629380892	0.0952380952380952	0.297101757186175
"346"	284	"W"	0.561111095238095	0.19239144031208	0.0238095238095238	0.154303349962092
"347"	285	"R"	0.198299333333333	0.222325187509436	0.404761904761905	0.496795772414547
"348"	285	"W"	0.171825404761905	0.160558286196156	0.380952380952381	0.49150743499232
"349"	286	"R"	0.196485261904762	0.182881573695838	0.333333333333333	0.477118723613698
"350"	286	"W"	0.190873023809524	0.190036423263425	0.380952380952381	0.49150743499232
"351"	287	"R"	0.23378680952381	0.20573814377021	0.238095238095238	0.431080537409043
"352"	287	"W"	0.247619047619048	0.222652512468607	0.285714285714286	0.457229956859212
"353"	288	"R"	0.299149642857143	0.228331036674645	0.238095238095238	0.431080537409042
"354"	288	"W"	0.258730119047619	0.223310824239439	0.333333333333333	0.477118723613698
"355"	290	"R"	0.768650761904762	0.192972851147994	0	0
"356"	290	"W"	0.925170023809524	0.109964979948826	0	0
"357"	291	"R"	0.836904761904762	0.231775739495158	0.0238095238095238	0.154303349962092
"358"	291	"W"	0.9079365	0.112029672364121	0	0
"359"	293	"R"	0.772619047619048	0.218110276071751	0	0
"360"	293	"W"	0.868253952380952	0.147692697499176	0	0
"361"	294	"R"	0.224036261904762	0.208335732467533	0.285714285714286	0.457229956859213
"362"	294	"W"	0.268310595238095	0.19585641180561	0.214285714285714	0.415299732236633
"363"	295	"R"	0.374744904761905	0.281109986425399	0.238095238095238	0.431080537409043
"364"	295	"W"	0.344444476190476	0.305120426119633	0.30952380952381	0.467901138093333
"365"	296	"R"	0.694784571428571	0.29616592134907	0.0238095238095238	0.154303349962092
"366"	296	"W"	0.681405833333333	0.271021412074803	0	0
"367"	297	"R"	0.750793642857143	0.21833171605887	0	0
"368"	297	"W"	0.569047619047619	0.231308632164901	0.0238095238095238	0.154303349962092
"369"	299	"R"	0.173015880952381	0.206990081761469	0.476190476190476	0.505486736604131
"370"	299	"W"	0.160317452380952	0.177377469190287	0.452380952380952	0.503760538950749
"371"	300	"R"	0.409325428571429	0.270314281367227	0.166666666666667	0.377195470232912
"372"	300	"W"	0.426984142857143	0.230909412081836	0.0952380952380952	0.297101757186175
"373"	302	"R"	0.860714261904762	0.199620952702996	0	0
"374"	302	"W"	0.896825357142857	0.116941504161492	0	0
"375"	303	"R"	0.510119047619048	0.323396296119486	0.119047619047619	0.327770067561568
"376"	303	"W"	0.576360523809524	0.408932647016133	0.285714285714286	0.457229956859213
"377"	304	"R"	0.820634928571429	0.190805202209899	0	0
"378"	304	"W"	0.873809547619048	0.159442699455383	0	0
"379"	305	"R"	0.226870761904762	0.257080083126792	0.452380952380952	0.503760538950749
"380"	305	"W"	0.307539666666667	0.247951015767588	0.238095238095238	0.431080537409042
"381"	306	"R"	0.117970523809524	0.171977106656847	0.547619047619048	0.503760538950749
"382"	306	"W"	0.15952380952381	0.242506716503641	0.595238095238095	0.496795772414547
"383"	308	"R"	0.275396785714286	0.195589503892225	0.214285714285714	0.415299732236633
"384"	308	"W"	0.237698380952381	0.166058176404323	0.238095238095238	0.431080537409043
"385"	309	"R"	0.898979571428571	0.124353472728611	0	0
"386"	309	"W"	0.857142857142857	0.131550182967597	0	0
"387"	311	"R"	0.223072547619048	0.200219363173057	0.238095238095238	0.431080537409043
"388"	311	"W"	0.319047571428571	0.230281168004717	0.19047619047619	0.397436617931637
"389"	312	"R"	0.802380976190476	0.206682760322814	0	0
"390"	312	"W"	0.859127	0.134052992749773	0	0
"391"	314	"R"	0.877380952380952	0.196921428919395	0	0
"392"	314	"W"	0.896541952380952	0.132568088052886	0	0
"393"	315	"R"	0.0293650952380952	0.0739707930838525	0.833333333333333	0.377195470232912
"394"	315	"W"	0.0547619285714286	0.1060683113949	0.761904761904762	0.431080537409043
"395"	316	"R"	0.105952404761905	0.152077815230945	0.595238095238095	0.496795772414547
"396"	316	"W"	0.187585047619048	0.157424613318055	0.285714285714286	0.457229956859213
"397"	317	"R"	0.117687071428571	0.164648577218623	0.571428571428571	0.50087032267781
"398"	317	"W"	0.146825404761905	0.191847299790689	0.523809523809524	0.505486736604131
"399"	319	"R"	0.719444428571429	0.305259150495407	0.0952380952380952	0.297101757186175
"400"	319	"W"	0.8829365	0.133205617428104	0	0
"401"	320	"R"	0.236111095238095	0.197919943347613	0.238095238095238	0.431080537409042
"402"	320	"W"	0.362698380952381	0.232746383272306	0.142857142857143	0.354168801660573
"403"	321	"R"	0.3	0.251203061923626	0.238095238095238	0.431080537409042
"404"	321	"W"	0.252777714285714	0.278495646488308	0.452380952380952	0.503760538950749
"405"	322	"R"	0.744047595238095	0.256006984235907	0.0238095238095238	0.154303349962092
"406"	322	"W"	0.67658730952381	0.191204288935018	0	0
"407"	323	"R"	0.0805555476190476	0.143036938931309	0.666666666666667	0.477118723613698
"408"	323	"W"	0.0765873095238095	0.122145412469486	0.69047619047619	0.467901138093333
"409"	325	"R"	0.379081619047619	0.293892614388396	0.166666666666667	0.377195470232912
"410"	325	"W"	0.262301571428571	0.214989126634195	0.30952380952381	0.467901138093333
"411"	326	"R"	0.241780095238095	0.2243890208308	0.285714285714286	0.457229956859213
"412"	326	"W"	0.183730166666667	0.186156681201998	0.404761904761905	0.496795772414547
"413"	327	"R"	0.630555547619048	0.21104068576441	0.0238095238095238	0.154303349962092
"414"	327	"W"	0.662301595238095	0.204126147598651	0.0238095238095238	0.154303349962092
"415"	328	"R"	0.207539666666667	0.191102970266213	0.30952380952381	0.467901138093333
"416"	328	"W"	0.233333333333333	0.172066949849104	0.238095238095238	0.431080537409043
"417"	332	"R"	0.0698412857142857	0.12193328219359	0.595238095238095	0.496795772414547
"418"	332	"W"	0.0805555714285714	0.132921960586478	0.69047619047619	0.467901138093333
"419"	333	"R"	0.174603166666667	0.169737446892419	0.380952380952381	0.49150743499232
"420"	333	"W"	0.196031714285714	0.168075688878304	0.357142857142857	0.484965604585173
"421"	334	"R"	0.781632642857143	0.217238841189613	0	0
"422"	334	"W"	0.758333333333333	0.20739219617732	0	0
"423"	335	"R"	0.832142857142857	0.193154951949625	0	0
"424"	335	"W"	0.829761880952381	0.140582176174163	0	0
"425"	337	"R"	0.606746023809524	0.248520272627022	0.0476190476190476	0.215540268704521
"426"	337	"W"	0.612698428571429	0.217581248361824	0.0476190476190476	0.215540268704521
"427"	339	"R"	0.575000023809524	0.28523396781534	0.0714285714285714	0.260661180215007
"428"	339	"W"	0.532142857142857	0.203904763396623	0.0238095238095238	0.154303349962092
"429"	340	"R"	0.0722222142857143	0.114211444742728	0.69047619047619	0.467901138093333
"430"	340	"W"	0.101984142857143	0.126298251998519	0.571428571428571	0.50087032267781
"431"	341	"R"	0.85376980952381	0.181291329026399	0	0
"432"	341	"W"	0.886904738095238	0.138836400728596	0	0
"433"	343	"R"	0.224206333333333	0.173408407719713	0.238095238095238	0.431080537409043
"434"	343	"W"	0.244047571428571	0.17541358737485	0.238095238095238	0.431080537409043
"435"	345	"R"	0.028174619047619	0.0833323924840732	0.761904761904762	0.431080537409043
"436"	345	"W"	0.0666666904761905	0.116521417131848	0.714285714285714	0.457229956859213
"437"	347	"R"	0.121825380952381	0.188974094796983	0.595238095238095	0.496795772414547
"438"	347	"W"	0.0948412857142857	0.134269481265046	0.619047619047619	0.49150743499232
"439"	348	"R"	0.0996031666666667	0.129229917100306	0.595238095238095	0.496795772414547
"440"	348	"W"	0.106746047619048	0.127465339761003	0.547619047619048	0.503760538950749
"441"	349	"R"	0.292120166666667	0.246497793862281	0.261904761904762	0.445000619869331
"442"	349	"W"	0.252437595238095	0.205178413215457	0.285714285714286	0.457229956859213
"443"	350	"R"	0.486337904761905	0.227601152716208	0.0714285714285714	0.260661180215007
"444"	350	"W"	0.37420630952381	0.174382504304438	0.0952380952380952	0.297101757186175
"445"	353	"R"	0.374319738095238	0.421436783785732	0.404761904761905	0.496795772414547
"446"	353	"W"	0.0896825238095238	0.158068961837399	0.714285714285714	0.457229956859213
"447"	354	"R"	0.0325396904761905	0.0985637057483792	0.857142857142857	0.354168801660573
"448"	354	"W"	0.0896825714285714	0.117098651486298	0.595238095238095	0.496795772414547
"449"	356	"R"	0.741893404761905	0.318651289807454	0.0476190476190476	0.215540268704521
"450"	356	"W"	0.69047619047619	0.389429125945586	0.214285714285714	0.415299732236633
"451"	357	"R"	0.420975071428571	0.300418327755051	0.166666666666667	0.377195470232912
"452"	357	"W"	0.287301571428571	0.240223716116938	0.261904761904762	0.445000619869331
"453"	361	"R"	0.366269833333333	0.442132191154158	0.523809523809524	0.505486736604131
"454"	361	"W"	0.668650785714286	0.377145206186219	0.214285714285714	0.415299732236633
"455"	367	"R"	0.0420635	0.0907091935148238	0.80952380952381	0.397436617931637
"456"	367	"W"	0.088888880952381	0.135083341399915	0.666666666666667	0.477118723613698
"457"	371	"R"	0.201587333333333	0.209587624410723	0.285714285714286	0.457229956859213
"458"	371	"W"	0.227777738095238	0.205766009968114	0.333333333333333	0.477118723613698
