"participant_number"	"task"	"mean_nLED"	"sd_nLED"	"mean_correct"	"sd_correct"
"1"	3	"R"	0.0956349285714286	0.141854701085884	0.476190476190476	0.505486736604131
"2"	6	"R"	0.184127	0.180106575609838	0.380952380952381	0.49150743499232
"3"	7	"R"	0.412641666666667	0.210863468653808	0.0714285714285714	0.260661180215007
"4"	8	"R"	0.353854857142857	0.324089049237079	0.238095238095238	0.431080537409042
"5"	9	"R"	0.1163265	0.141370022931046	0.547619047619048	0.503760538950749
"6"	10	"R"	0.772231666666667	0.193408043876616	0.0238095238095238	0.154303349962092
"7"	11	"R"	0.107142880952381	0.164174161911747	0.571428571428571	0.50087032267781
"8"	12	"R"	0.0896825476190476	0.137729954218692	0.642857142857143	0.484965604585173
"9"	13	"R"	0.117857142857143	0.165089811196087	0.452380952380952	0.503760538950749
"10"	14	"R"	0.0876984047619048	0.135103033503713	0.642857142857143	0.484965604585173
"11"	15	"R"	0.427380952380952	0.295330003022493	0.142857142857143	0.354168801660573
"12"	16	"R"	0.0967479756097561	0.149732131010429	0.634146341463415	0.487652415198347
"13"	17	"R"	0.186337833333333	0.184650319111414	0.357142857142857	0.484965604585173
"14"	18	"R"	0.0641156666666667	0.113544597793042	0.69047619047619	0.467901138093333
"15"	21	"R"	0.291326523809524	0.332033629466349	0.357142857142857	0.484965604585173
"16"	22	"R"	0.424206357142857	0.266544765631319	0.142857142857143	0.354168801660573
"17"	23	"R"	0.0845805	0.137195407470468	0.642857142857143	0.484965604585173
"18"	24	"R"	0.14410430952381	0.175653049744131	0.5	0.506060827347474
"19"	25	"R"	NA	NA	NA	NA
"20"	26	"R"	0.285714285714286	0.249920644006159	0.285714285714286	0.457229956859213
"21"	27	"R"	0.329365071428571	0.245441091764214	0.261904761904762	0.445000619869331
"22"	29	"R"	0.0892857142857143	0.138410500005667	0.642857142857143	0.484965604585173
"23"	31	"R"	0.453968285714286	0.249710150260529	0.142857142857143	0.354168801660573
"24"	32	"R"	0.254478476190476	0.207790463219648	0.261904761904762	0.445000619869331
"25"	33	"R"	0.758536585365854	0.300349850434204	0.024390243902439	0.156173761888606
"26"	34	"R"	0.668877595238095	0.199723560219822	0.0238095238095238	0.154303349962092
"27"	36	"R"	0.594557833333333	0.259565800802118	0.0238095238095238	0.154303349962092
"28"	44	"R"	0.078174619047619	0.160347180394408	0.714285714285714	0.457229956859213
"29"	45	"R"	0.405158714285714	0.382696333012334	0.261904761904762	0.445000619869331
"30"	48	"R"	0.532086142857143	0.23122808478997	0.0714285714285714	0.260661180215007
"31"	50	"R"	0.39376419047619	0.232401152267434	0.0952380952380952	0.297101757186175
"32"	52	"R"	0.154365071428571	0.179809403346499	0.428571428571429	0.50087032267781
"33"	53	"R"	0.245634928571429	0.235416376474348	0.380952380952381	0.49150743499232
"34"	55	"R"	0.14246030952381	0.152850137912843	0.357142857142857	0.484965604585173
"35"	58	"R"	0.302380904761905	0.165220178533154	0.0714285714285714	0.260661180215007
"36"	59	"R"	0.357539642857143	0.250073244722794	0.214285714285714	0.415299732236633
"37"	60	"R"	NA	NA	NA	NA
"38"	61	"R"	NA	NA	NA	NA
"39"	65	"R"	0.522789142857143	0.166298135164378	0	0
"40"	66	"R"	0.50428	0.235357576454709	0.0238095238095238	0.154303349962092
"41"	67	"R"	0.306009023809524	0.211448648012506	0.119047619047619	0.327770067561568
"42"	68	"R"	0.148809523809524	0.187133303831883	0.476190476190476	0.505486736604131
"43"	71	"R"	0.840079309523809	0.180673985859518	0	0
"44"	73	"R"	0.2688775	0.14533027071891	0.0714285714285714	0.260661180215007
"45"	75	"R"	0.409920642857143	0.273045149286468	0.166666666666667	0.377195470232912
"46"	76	"R"	0.0440476190476191	0.0943398995511165	0.80952380952381	0.397436617931638
"47"	77	"R"	0.284693857142857	0.177465935805977	0.166666666666667	0.377195470232912
"48"	78	"R"	0.0734126904761905	0.115825001858984	0.666666666666667	0.477118723613698
"49"	80	"R"	0.107539666666667	0.150752468511062	0.619047619047619	0.49150743499232
"50"	84	"R"	0.0654761904761905	0.117412970545647	0.738095238095238	0.445000619869331
"51"	88	"R"	0.70249430952381	0.217514089935823	0	0
"52"	89	"R"	0.440986404761905	0.259178420754098	0.0952380952380952	0.297101757186175
"53"	90	"R"	0.750992047619048	0.187609046794963	0	0
"54"	91	"R"	0.155839	0.197242744588687	0.428571428571429	0.50087032267781
"55"	92	"R"	0.865795609756098	0.12792351700506	0	0
"56"	95	"R"	0.119047619047619	0.16838830417628	0.5	0.506060827347474
"57"	97	"R"	0.157142833333333	0.168491707790884	0.452380952380952	0.503760538950749
"58"	98	"R"	0.339342404761905	0.270484681045698	0.238095238095238	0.431080537409042
"59"	99	"R"	0.768310666666667	0.196163945400663	0.0238095238095238	0.154303349962092
"60"	100	"R"	0.0837301666666667	0.147356489128868	0.666666666666667	0.477118723613698
"61"	101	"R"	0.133049880952381	0.191505033649338	0.476190476190476	0.505486736604131
"62"	102	"R"	0.18134919047619	0.18146503378058	0.380952380952381	0.49150743499232
"63"	104	"R"	0.239625833333333	0.240822232035341	0.357142857142857	0.484965604585173
"64"	105	"R"	0.767951642857143	0.183350849362612	0	0
"65"	106	"R"	0.0587301666666667	0.145912613746842	0.761904761904762	0.431080537409043
"66"	108	"R"	0.473412690476191	0.345510889902255	0.142857142857143	0.354168801660573
"67"	111	"R"	0.6579365	0.317792983799759	0.0952380952380952	0.297101757186175
"68"	112	"R"	0.0952380952380952	0.163311177951758	0.642857142857143	0.484965604585173
"69"	113	"R"	0.417403595238095	0.331538433461051	0.166666666666667	0.377195470232912
"70"	114	"R"	0.148015880952381	0.193673726251917	0.452380952380952	0.503760538950749
"71"	116	"R"	0.478514761904762	0.233746920132762	0.119047619047619	0.327770067561568
"72"	117	"R"	0.505612261904762	0.255719317448439	0.119047619047619	0.327770067561568
"73"	119	"R"	0.152380976190476	0.19466362760745	0.5	0.506060827347474
"74"	122	"R"	0.6829365	0.29467927801903	0.0476190476190476	0.215540268704521
"75"	125	"R"	0.577154214285714	0.308846319618242	0.119047619047619	0.327770067561568
"76"	126	"R"	0.803571476190476	0.202943606534503	0	0
"77"	127	"R"	0.043254	0.0855446535633192	0.785714285714286	0.415299732236633
"78"	128	"R"	0.712301547619048	0.29229162771403	0.0714285714285714	0.260661180215007
"79"	130	"R"	0.861666625	0.141632724440705	0	0
"80"	131	"R"	0.055952380952381	0.140980943405172	0.785714285714286	0.415299732236633
"81"	132	"R"	0.891345428571429	0.134579571064336	0	0
"82"	133	"R"	0.304421738095238	0.281904280589158	0.238095238095238	0.431080537409043
"83"	134	"R"	0.425	0.235105096720802	0.0714285714285714	0.260661180215007
"84"	135	"R"	0.874603166666667	0.160716449156	0	0
"85"	136	"R"	0.0527777857142857	0.107881584895377	0.738095238095238	0.445000619869331
"86"	137	"R"	0.148665238095238	0.209013436535504	0.523809523809524	0.505486736604131
"87"	141	"R"	0.0710317142857143	0.131133182096097	0.69047619047619	0.467901138093333
"88"	145	"R"	0.732350738095238	0.247251128834244	0.0476190476190476	0.215540268704521
"89"	146	"R"	0.674187523809524	0.226909035175347	0.0238095238095238	0.154303349962092
"90"	149	"R"	0.259523785714286	0.207061732001569	0.285714285714286	0.457229956859212
"91"	150	"R"	0.151190476190476	0.207592727742855	0.547619047619048	0.503760538950749
"92"	151	"R"	0.068254	0.144867475004722	0.738095238095238	0.445000619869331
"93"	152	"R"	0.673922928571429	0.226299526606361	0.0238095238095238	0.154303349962092
"94"	153	"R"	0.788492095238095	0.18410726925313	0	0
"95"	155	"R"	0.286791380952381	0.210338022953525	0.238095238095238	0.431080537409043
"96"	156	"R"	0.818253976190476	0.241713865363068	0.0476190476190476	0.215540268704521
"97"	158	"R"	0.60753969047619	0.264989728591321	0	0
"98"	160	"R"	0.40270219047619	0.185372604713994	0.0952380952380952	0.297101757186175
"99"	161	"R"	0.69841269047619	0.254945904297314	0.0238095238095238	0.154303349962092
"100"	162	"R"	0.80251643902439	0.186896421234871	0	0
"101"	163	"R"	0.187755095238095	0.182681357788244	0.333333333333333	0.477118723613698
"102"	164	"R"	0.276984119047619	0.180144165142499	0.166666666666667	0.377195470232912
"103"	168	"R"	0.346825404761905	0.239755953127958	0.0952380952380952	0.297101757186175
"104"	170	"R"	0.0587301904761905	0.0975470432916264	0.666666666666667	0.477118723613698
"105"	172	"R"	0.819359428571429	0.164826175724483	0	0
"106"	173	"R"	0.650850357142857	0.228642085975463	0	0
"107"	175	"R"	0.153174571428571	0.188246689562204	0.523809523809524	0.505486736604131
"108"	176	"R"	0.828703722222222	0.19520483024141	0	0
"109"	177	"R"	0.265986428571429	0.229147974160073	0.261904761904762	0.445000619869331
"110"	178	"R"	0.8665079	0.140175759845622	0	0
"111"	179	"R"	0.130158714285714	0.16405420842236	0.452380952380952	0.503760538950749
"112"	180	"R"	0.272619	0.208128223956924	0.19047619047619	0.397436617931638
"113"	182	"R"	0.812698404761905	0.256271195145628	0.0476190476190476	0.215540268704521
"114"	184	"R"	0.827626666666667	0.135836483951391	0	0
"115"	185	"R"	0.101020404761905	0.134205823389347	0.571428571428571	0.50087032267781
"116"	186	"R"	0.470767238095238	0.238427005450491	0.0476190476190476	0.215540268704521
"117"	187	"R"	0.222222214285714	0.189874660317175	0.30952380952381	0.467901138093333
"118"	189	"R"	NA	NA	NA	NA
"119"	192	"R"	0.658475023809524	0.257321914472286	0.0238095238095238	0.154303349962092
